id	nest	treat	mass6	tars6	mass14	tars14	wing14	laydate	year
CK59989	690	H	5.1	11.1	10.8	18.2	41	17	2010
CK59990	690	H	5.6	12.3	11.2	19	42	17	2010
CK59991	690	H	5.8	12	11.6	18.8	43	17	2010
CK59992	690	H	5.9	12.4	12	19.3	42.5	17	2010
CK59993	690	H	5.6	11.3	12.6	19.4	42	17	2010
CK59994	690	H	5.7	11.2	11.6	18.4	42	17	2010
CK59995	690	H	5.4	11.6	11.1	18.5	42	17	2010
CK59996	690	H	5.7	12.3	11.8	18.9	41.5	17	2010
CK59997	690	H	5.3	11.2	11.7	18.6	39.5	17	2010
CK59998	690	H	4.6	10.2	12.2	18.8	41	17	2010
CK59979	623	M	5.3	11.3	11.2	19.2	41	17	2010
CK59980	623	M	4.7	10.5	9.9	18.4	38.5	17	2010
CK59981	623	M	5.2	11	9.4	18	38.5	17	2010
CK59982	623	M	4.6	9.8	9.7	17.4	38.5	17	2010
CK59983	623	M	5.1	10.9	9.7	18.4	38	17	2010
CK59984	623	M	4.4	9.8	9.3	17.7	37.5	17	2010
CK59985	623	M	5.3	11.2	11.3	18.8	40	17	2010
CK59810	623	M	3.7	9.2	7.2	15.5	28.5	17	2010
NA	623	M	3	8.9	NA	NA	NA	17	2010
CK59986	867	L	4.8	9.8	10.8	17.7	38.5	17	2010
CK59987	867	L	6.2	11.1	12.1	18.1	43.5	17	2010
CK59988	867	L	5.6	10.5	11.2	17.5	41.5	17	2010
CK59812	867	L	3.8	9.8	9.4	17	35.5	17	2010
CK59813	H8	M	5.3	10.8	10.7	18.4	40.5	18	2010
CK59814	H8	M	4.4	10.1	10.2	18.6	37	18	2010
CK59815	H8	M	4	9.3	10.3	18	34.5	18	2010
CK59816	H8	M	5	10.6	10.2	18.5	39.5	18	2010
CK59817	H8	M	5.1	10.6	10.5	18.3	40	18	2010
CL77375	H8	M	2.6	NA	9.2	17.3	31	18	2010
CK59961	515	M	3.8	9.5	10.6	17.7	34.5	16	2010
CK59962	515	M	3.8	9.1	NA	NA	NA	16	2010
CK59963	515	M	4.8	10.2	11.5	18.6	37.5	16	2010
CK59964	515	M	4.3	9.6	11.4	17.6	35	16	2010
NA	515	M	2.6	8.2	NA	NA	NA	16	2010
CK59806	161	H	5.4	10.9	11	18.6	41	19	2010
CK59807	161	H	4.7	10	10.1	17.8	39.5	19	2010
CK59808	161	H	5.6	10.6	11.8	18.8	42	19	2010
CK59809	161	H	4.9	10	11.1	18.5	40	19	2010
CL77376	161	H	3.2	8.2	10.2	17.3	32.5	19	2010
NA	161	H	2.9	8.4	NA	NA	NA	19	2010
CK59999	82	H	3.4	9.3	NA	NA	NA	18	2010
CK59801	82	H	4.2	10	NA	NA	NA	18	2010
CK59802	82	H	4.1	9.7	NA	NA	NA	18	2010
CK59803	82	H	4.3	10.1	NA	NA	NA	18	2010
CK59804	82	H	4.3	10.1	NA	NA	NA	18	2010
CK59805	82	H	4.2	10.7	NA	NA	NA	18	2010
CK59818	82	H	3.4	9.3	NA	NA	NA	18	2010
NA	82	H	2.7	8.6	NA	NA	NA	18	2010
NA	82	H	2.3	8.5	NA	NA	NA	18	2010
CK59819	119	M	5.4	11.4	11.1	18.4	41	19	2010
CK59820	119	M	6.1	11.9	10.8	18.2	41.5	19	2010
CK59821	119	M	4.7	10.4	10.3	17.5	38.5	19	2010
CK59822	119	M	6	11.6	11.6	19.1	41.5	19	2010
CK59823	119	M	5	10.3	11.4	18	39.5	19	2010
CK59824	119	M	5.7	11.1	11.3	18	42	19	2010
CK59825	510	L	6.3	11.3	10.8	18.4	41.5	19	2010
CK59826	510	L	5.7	10.8	11.1	18.2	41	19	2010
CK59827	510	L	6.1	11.2	10.9	18.4	41	19	2010
CK59828	510	L	5.9	10.6	10.3	17.4	40	19	2010
1	694	M	5.3	10.3	11.6	17.8	43	20	2010
2	694	M	6.4	11.7	11.1	18.1	39	20	2010
3	694	M	5.9	11.2	11.3	18.2	43	20	2010
4	694	M	4.3	9.3	11.1	18.7	41	20	2010
5	694	M	6.2	11.4	11.6	18.4	43	20	2010
6	694	M	6.1	11.3	10.5	18.3	41.5	20	2010
7	694	M	4.8	10.1	11.2	18.5	41.5	20	2010
8	694	M	5.8	11.1	11.5	19.3	44.5	20	2010
CK59850	61	M	3.7	9	NA	NA	NA	18	2010
CK59851	61	M	4.3	9.9	NA	NA	NA	18	2010
CK59852	61	M	5.1	10.4	NA	NA	NA	18	2010
CK59853	61	M	4.3	9.7	NA	NA	NA	18	2010
CK59854	61	M	3	9.2	NA	NA	NA	18	2010
CK59855	61	M	3.9	9.4	NA	NA	NA	18	2010
CK59856	61	M	4.8	10.3	NA	NA	NA	18	2010
CK59857	545	H	4.2	9.2	11.3	18.7	37.5	21	2010
CK59858	545	H	4.5	10	11.2	18.3	37.5	21	2010
CK59859	545	H	4.9	10.4	11.7	18.6	39	21	2010
CK59860	545	H	3.7	9.1	10.7	18.3	36	21	2010
CK59861	545	H	3.7	8.9	10.6	18.7	36	21	2010
CK59862	545	H	4.3	9.3	11.7	18.4	38	21	2010
CK59863	545	H	4.8	10.1	11	18.9	39	21	2010
CK59864	223	H	5.2	10.5	9.7	18.1	39.5	18	2010
CK59865	223	H	5.8	11.8	10.3	18.2	41	18	2010
CK59866	223	H	5.6	10.9	9.5	18.4	40	18	2010
CK59867	223	H	5.8	11.6	9.6	18.2	41	18	2010
CK59868	223	H	6	11.5	9.7	18.4	40	18	2010
CK59869	223	H	5.8	11.4	10.3	18.8	40.5	18	2010
CK59870	223	H	5.7	11.3	10	18.3	40	18	2010
CK59871	223	H	4.9	9.6	10	18.7	38.5	18	2010
CK59872	223	H	4.8	10.4	9.7	17.6	39.5	18	2010
CK59890	806	L	5.4	10.3	NA	NA	NA	20	2010
CK59891	806	L	4.8	9.8	NA	NA	NA	20	2010
CK59892	806	L	5.3	10.14	NA	NA	NA	20	2010
CK59893	806	L	3.3	7.9	NA	NA	NA	20	2010
CK59894	806	L	5.2	10.9	NA	NA	NA	20	2010
CK59895	806	L	4	9.4	NA	NA	NA	20	2010
CK59896	806	L	4.9	10.1	NA	NA	NA	20	2010
CK59897	284	M	6	10.9	NA	NA	NA	20	2010
CK59898	284	M	6.8	12	NA	NA	NA	20	2010
CK59899	284	M	6	11.1	NA	NA	NA	20	2010
CL77300	284	M	5.2	10.2	NA	NA	NA	20	2010
CL77301	284	M	5.2	10.2	NA	NA	NA	20	2010
CL77302	284	M	6.4	11.8	NA	NA	NA	20	2010
CL77303	284	M	5.4	10.6	NA	NA	NA	20	2010
NA	284	M	2.8	7.6	NA	NA	NA	20	2010
CL77304	68	M	5.1	10.5	9.4	17.6	37	17	2010
CL77305	68	M	4.8	9.8	9.3	17.7	36	17	2010
CL77306	68	M	5.7	10.7	10.8	18.5	40.5	17	2010
CL77307	68	M	3.1	8.4	NA	NA	NA	17	2010
CL77308	68	M	5.1	10.6	10.5	17.3	40	17	2010
CL77309	68	M	4.2	9.6	NA	NA	NA	17	2010
CL77310	68	M	4.1	9.7	9.1	17.5	34	17	2010
CL77311	68	M	5.4	10.3	NA	NA	NA	17	2010
CL77312	68	M	5	10.5	10.7	17.6	37	17	2010
CL77313	68	M	4.6	10.5	9.3	17.4	36	17	2010
CL77314	68	M	5.2	10.8	9.7	17.8	39	17	2010
NA	68	M	4.1	NA	NA	NA	NA	17	2010
CL77315	60	L	4.4	9.8	NA	NA	NA	18	2010
CL77316	60	L	5.1	10.4	NA	NA	NA	18	2010
CL77317	60	L	4.7	10.4	NA	NA	NA	18	2010
CL77318	60	L	4.6	10.2	NA	NA	NA	18	2010
CL77319	60	L	5.3	10.2	NA	NA	NA	18	2010
CL77320	637	M	5.2	10.2	10.6	18.4	39.5	21	2010
CL77321	637	M	6.3	11.8	11.3	18.7	41	21	2010
CL77322	637	M	6.3	11.7	11.1	18.8	40	21	2010
CL77323	637	M	6.6	11.7	11.6	19	41	21	2010
CL77324	637	M	5.2	10.2	10.7	18.6	37.5	21	2010
CL77325	637	M	4.3	8.2	10.3	18.2	37	21	2010
CL77326	637	M	5.6	10.7	10.6	18.1	39	21	2010
CL77327	637	M	5.8	11.2	11.1	18.9	39	21	2010
CL77328	247	L	6.4	11.1	12.6	17.9	44	18	2010
CL77329	247	L	6.1	11.5	11.1	18.2	43	18	2010
CL77330	247	L	5.7	11.3	11.2	18.2	43.5	18	2010
CL77331	247	L	5.1	9.7	10.5	17.8	40.5	18	2010
CL77332	247	L	5.3	10.6	10.7	18.4	41.5	18	2010
CL77338	365	H	5.2	10.6	11.5	17.7	39.5	21	2010
CL77339	365	H	4	9.5	10.5	17.8	35.5	21	2010
CL77340	365	H	3.8	9.6	10.7	18.3	36	21	2010
CL77341	365	H	4.5	9.8	10.4	17.5	39	21	2010
CL77342	365	H	3.8	9.7	10.3	17.8	35	21	2010
CL77343	365	H	5.3	11.5	11.7	18.8	42	21	2010
CL77344	365	H	5.9	11.4	13	18.7	42.5	21	2010
NA	365	H	2.7	8	NA	NA	NA	21	2010
CL77345	571	M	6.4	11.1	10.6	18.1	40.5	20	2010
CL77346	571	M	5.4	10.1	11.2	18.3	39.5	20	2010
CL77347	571	M	5.7	10.9	11.3	18.5	41	20	2010
CL77348	571	M	6.3	11.5	11.5	18.5	41.5	20	2010
CL77349	571	M	4	8.9	9.6	17.3	35	20	2010
CL77350	571	M	6.1	11.2	11.2	17.8	41	20	2010
CL77351	571	M	6.1	10.9	10.6	18	41	20	2010
CL77352	571	M	4.8	10	11.4	18.5	40	20	2010
CL77353	571	M	3.7	8.2	8	16.9	29	20	2010
CL77354	571	M	5.8	11	10.7	17.6	40.5	20	2010
CL77355	191	H	6.2	12.2	11.9	19.4	42.5	24	2010
CL77356	191	H	6.5	12.2	12.6	19.1	42	24	2010
CL77357	191	H	6.3	12.1	12.1	19.1	42.5	24	2010
CL77358	191	H	4.3	9.4	11.8	18.9	36.5	24	2010
CL77359	191	H	7	12.5	12.9	18.8	44	24	2010
CL77360	191	H	4.4	9.5	10.8	18.2	37	24	2010
CL77361	191	H	6	12	12.5	19.2	42	24	2010
CL77362	524	L	6.3	11.6	12.4	19	42	23	2010
CL77363	524	L	7	11.9	11.8	18	44	23	2010
CL77364	524	L	7.6	12.6	12.4	18.6	41.5	23	2010
1ER79930	89	H	7.3	13.3	12.3	19.1	44.5	27	2010
1ER79931	89	H	7.9	13.3	12.8	19.4	46	27	2010
1ER79932	89	H	7	12.5	12.2	19.1	44	27	2010
1ER79933	89	H	6.4	12.3	12.5	19	41.5	27	2010
1ER79934	89	H	5.6	11.1	10.8	18.4	40	27	2010
1ER79935	89	H	6.7	12.4	11.8	18.7	44	27	2010
1ER79936	89	H	6.7	12.6	11.5	19	42	27	2010
1ER79937	89	H	7.8	13	11.8	18.7	45	27	2010
1ER79938	89	H	6.6	12.8	11.3	18.9	43	27	2010
NA	89	H	2.9	7.5	NA	NA	NA	27	2010
1ER79939	729	M	6.9	12.4	10.8	19.4	43	24	2010
1ER79940	729	M	7.8	13.2	12.2	19.3	45	24	2010
1ER79941	729	M	7.2	13.2	11.1	19.1	44	24	2010
1ER79942	729	M	5.3	11.4	9.6	18.4	41	24	2010
1ER79943	729	M	7.3	13	11	18.8	45	24	2010
1ER79944	729	M	7.1	13	10.7	18.7	41	24	2010
1ER79945	729	M	7.8	12.9	11.9	18.7	43.5	24	2010
1ER79946	729	M	5	11.2	10.5	18.7	39.5	24	2010
1ER79947	729	M	5.8	11.8	10.6	18.3	40	24	2010
1ER79948	729	M	7.1	13.3	11.9	19.1	44.5	24	2010
1ER79949	729	M	6.7	12.7	10.7	18.7	41	24	2010
1ER79951	176	H	5.9	11.2	11.8	19	40	28	2010
1ER79952	176	H	6.6	12.2	12.4	19.5	42	28	2010
1ER79953	176	H	6.6	12.5	12.8	19.8	43	28	2010
CL77379	176	H	6	12.1	11.8	18.8	35.5	28	2010
1ER79955	176	H	5.6	11.3	11.7	19.3	42.5	28	2010
1ER79956	176	H	5.1	10.4	12	19.4	39	28	2010
1ER79957	176	H	5.2	10.4	12.5	19	39.5	28	2010
NA	176	H	3.8	8.5	NA	NA	NA	28	2010
1ER79959	695	L	4.6	9.8	11.7	18.6	40	27	2010
1ER79960	695	L	7.8	12.8	11.8	18.5	46	27	2010
1ER79961	695	L	7.4	12.5	12.7	18.3	45.5	27	2010
1ER79962	695	L	7.3	12.9	11.4	18.8	46	27	2010
1ER79963	695	L	6.2	11.5	12.3	19.4	43	27	2010
1ER79826	695	L	3.7	8.6	11.6	18.5	37	27	2010
1ER79827	695	L	2.1	NA	9.8	17.3	25.5	27	2010
1ER79966	215	M	6.3	12.1	NA	NA	NA	25	2010
1ER79967	215	M	6.6	12.3	NA	NA	NA	25	2010
1ER79968	215	M	5.2	10.4	NA	NA	NA	25	2010
1ER79969	215	M	6.4	12	NA	NA	NA	25	2010
1ER79970	215	M	6.6	11.9	NA	NA	NA	25	2010
1ER79971	215	M	6.6	11.7	NA	NA	NA	25	2010
1ER79972	215	M	6.3	11.8	NA	NA	NA	25	2010
1ER79973	215	M	5.8	11.5	NA	NA	NA	25	2010
1ER79974	215	M	5.7	10.2	NA	NA	NA	25	2010
NA	215	M	3.3	8.7	NA	NA	NA	25	2010
1ER79975	96	L	6.5	11.2	10.4	17	43.5	21	2010
1ER79976	96	L	5.2	10.6	11.6	18	40.5	21	2010
1ER79977	96	L	6.2	11.7	11.6	18	45	21	2010
1ER79979	96	L	5.4	11.1	9.8	16.6	43	21	2010
1ER79980	96	L	5.6	10.8	10.2	16.8	42.5	21	2010
1ER79981	96	L	4.7	9.5	NA	NA	NA	21	2010
1ER79982	654	H	6.3	12.2	10.9	19.1	41.5	26	2010
1ER79983	654	H	5.6	11	10.8	18.1	40.5	26	2010
1ER79984	654	H	5	10.1	11	18.7	38.5	26	2010
1ER79985	654	H	6.1	11.6	11.2	19.2	41	26	2010
1ER79986	654	H	5.6	11.7	11	18.3	40	26	2010
1ER79987	654	H	6.1	11.7	10.3	18.5	41	26	2010
1ER79988	654	H	6.6	12.3	11.1	19.2	43	26	2010
1ER79989	654	H	5.5	11.3	11.2	19.2	40.5	26	2010
1ER79830	654	H	2.9	8.2	9.3	17.1	31	26	2010
1ER79990	211	M	6.1	11.3	11.6	18.8	42	28	2010
1ER79991	211	M	6.7	12.2	11.4	18.4	44	28	2010
1ER79992	211	M	6.1	11.5	11.7	19	42.5	28	2010
1ER79993	211	M	5.4	10.9	11.4	18.7	42.5	28	2010
1ER79994	211	M	6.4	12	11.5	19.4	44.5	28	2010
1ER79995	211	M	7.3	13.2	11.9	19.3	45	28	2010
1ER79996	211	M	6.6	11.5	11.6	18.4	42	28	2010
1ER79997	211	M	5.4	10.8	11.6	18.9	41.5	28	2010
1ER79837	211	M	3.6	8.7	10.8	17.5	35.5	28	2010
1ER79838	211	M	2.7	7.3	10	17.6	30	28	2010
1ER79700	625	M	6.7	12.6	9.2	18.4	41.5	24	2010
1ER79701	625	M	6.3	12.4	10.9	18.4	41.5	24	2010
1ER79702	625	M	6.7	12.4	11.4	18.2	41	24	2010
1ER79703	625	M	4.5	9.8	NA	NA	NA	24	2010
1ER79704	625	M	6.2	11.7	10.3	17.8	42	24	2010
1ER79705	625	M	5.6	11.2	10.1	17.7	39.5	24	2010
1ER79706	625	M	5.2	10.8	10.6	18.5	38	24	2010
1ER79707	625	M	6.7	12.4	10.5	18.4	43	24	2010
1ER79708	625	M	6.1	11.5	10.6	18	43	24	2010
1ER79709	625	M	5.7	10.6	11.1	18.2	41	24	2010
1ER79710	625	M	7.6	12.7	11.6	18.3	43	24	2010
1ER79713	213	H	6.5	12.2	12.1	19	42	28	2010
1ER79714	213	H	6.6	12.4	11.9	19.4	42	28	2010
1ER79715	213	H	6.6	12.4	11.7	18.9	40.5	28	2010
1ER79716	213	H	7.1	12.8	12.3	19.2	41	28	2010
1ER79717	213	H	6.2	9.7	10.8	18.1	38	28	2010
1ER79718	213	H	7.5	13.1	12.4	19.9	43.5	28	2010
1ER79719	213	H	6.7	12.1	11.7	18.3	42	28	2010
1ER79720	213	H	6.1	12	11.6	18.8	39.5	28	2010
1ER79856	213	H	3.2	8.2	10.5	18.1	33	28	2010
1ER79726	779	H	7.1	12.6	11.7	18	45	29	2010
1ER79727	779	H	4.6	9.3	12.5	18.2	44.5	29	2010
1ER79728	779	H	6.9	12.5	12.5	18.2	44.5	29	2010
1ER79729	779	H	6.2	11.6	11.5	18.2	41.5	29	2010
1ER79730	779	H	7.4	12.8	11.8	19.1	44	29	2010
1ER79731	779	H	7.3	12.5	12.3	18.4	42.5	29	2010
1ER79732	779	H	7.3	12.6	12.4	18.7	42	29	2010
1ER79733	779	H	5.6	11.4	10.9	18.1	38	29	2010
1ER79734	779	H	5.8	10.7	11.5	17.7	39	29	2010
1ER79735	779	H	6.7	12.5	11.5	18.1	45	29	2010
1ER79737	112	H	5.6	11.6	NA	NA	NA	29	2010
1ER79738	112	H	4.4	10	NA	NA	NA	29	2010
1ER79739	112	H	5.6	11.4	NA	NA	NA	29	2010
1ER79740	112	H	4.7	10.7	NA	NA	NA	29	2010
1ER79741	112	H	6.5	12.1	NA	NA	NA	29	2010
1ER79858	112	H	3.7	9	NA	NA	NA	29	2010
1ER79743	112	H	4.3	9.4	NA	NA	NA	29	2010
1ER79744	112	H	5.4	10.7	NA	NA	NA	29	2010
1ER79745	112	H	6.4	12.1	NA	NA	NA	29	2010
1ER79746	112	H	6.2	12	NA	NA	NA	29	2010
NA	112	H	2.3	NA	NA	NA	NA	29	2010
1ER79747	727	L	5.3	10.4	12.2	18.5	42	26	2010
1ER79748	727	L	5.3	10.4	11.3	18	40	26	2010
1ER79749	727	L	4.4	9.2	10.8	18.4	37	26	2010
1ER79750	727	L	5.6	10.5	11.4	18.5	41.5	26	2010
1ER79752	29	L	7.2	12.4	NA	NA	NA	28	2010
1ER79753	29	L	6.3	11.6	NA	NA	NA	28	2010
1ER79754	29	L	4.1	9.2	NA	NA	NA	28	2010
1ER79756	29	L	6.6	12.1	NA	NA	NA	28	2010
1ER79757	29	L	6.4	11.9	NA	NA	NA	28	2010
1ER79857	29	L	3.9	8.8	NA	NA	NA	28	2010
1ER79759	608	M	5.9	11.1	NA	NA	NA	29	2010
1ER79760	608	M	5.5	11.4	NA	NA	NA	29	2010
1ER79761	608	M	6.1	11.2	NA	NA	NA	29	2010
1ER79762	608	M	5.2	10.4	NA	NA	NA	29	2010
1ER79763	608	M	4.3	9.6	NA	NA	NA	29	2010
1ER79764	608	M	6.7	12	NA	NA	NA	29	2010
1ER79765	608	M	5.7	11.4	NA	NA	NA	29	2010
1ER79766	860	L	5.3	10.3	12.1	18.1	42	28	2010
1ER79767	860	L	5.8	9.8	12.5	18.5	40.5	28	2010
1ER79768	860	L	5.4	10.6	12.2	18.5	42.5	28	2010
1ER79769	860	L	5.6	10.8	12.4	18.9	42.5	28	2010
1ER79770	860	L	5.5	10.4	12.7	18.2	43	28	2010
1ER79771	860	L	5.8	10.8	11.7	17.5	42.5	28	2010
1ER79772	860	L	5.9	10.9	12.1	18	43	28	2010
1ER79773	94	M	6.6	13.2	11.8	19.1	45	26	2010
1ER79774	94	M	6.7	12.7	11.5	18.7	44.5	26	2010
1ER79775	94	M	6.4	12.8	11.2	19.1	44	26	2010
1ER79776	94	M	6.4	13	11	19.6	43	26	2010
1ER79777	94	M	6.5	12.4	11.1	18.5	39.5	26	2010
1ER79778	94	M	6.6	12.3	11	18.6	42.5	26	2010
1ER79779	94	M	6.3	12.4	10.1	18.5	45	26	2010
1ER79780	94	M	5.4	11.8	10.6	18.7	43	26	2010
1ER79781	94	M	6	12.5	10.3	18.7	44	26	2010
1ER79782	94	M	6	12.6	10	18.1	44	26	2010
1ER79783	648	M	6.2	11.6	11.5	18.7	39.5	30	2010
1ER79784	648	M	6.3	11.4	11.8	18.6	41	30	2010
1ER79785	648	M	6.3	11.5	10.9	17.6	39.5	30	2010
1ER79786	648	M	6	10.7	11.5	17.8	39	30	2010
1ER79787	648	M	4.7	9.7	NA	NA	NA	30	2010
1ER79788	648	M	6.1	11.4	11.3	17.9	39.5	30	2010
1ER79789	648	M	6.1	11.7	11.7	18.6	40	30	2010
1ER79790	648	M	4.8	9.8	10.3	17.4	36	30	2010
NA	648	M	3	7.8	NA	NA	NA	30	2010
1ER79791	689	M	5.3	10.7	11.5	19.4	40	32	2010
1ER79792	689	M	4.2	9.8	10.2	18.1	36.5	32	2010
1ER79793	689	M	6.3	12.5	11.7	19.6	43	32	2010
1ER79794	689	M	5.3	11.4	10.6	19.5	40	32	2010
1ER79795	689	M	5.4	11.2	10.8	19.3	40.5	32	2010
1ER79796	689	M	4.8	10.4	9.7	18.7	38	32	2010
1ER79797	689	M	3.9	9.1	9.6	17.9	35.5	32	2010
1ER79798	689	M	4.6	10.2	10.5	18.8	38.5	32	2010
1ER79808	364	H	7.1	12.4	11.4	18.8	42.5	30	2010
1ER79809	364	H	6.9	12.3	12	19.1	43.5	30	2010
1ER79810	364	H	7	12.3	11.8	19.5	43.5	30	2010
1ER79811	364	H	6.2	11.7	11.6	19.5	42	30	2010
1ER79812	364	H	4.2	9.4	NA	NA	NA	30	2010
1ER79813	364	H	7.1	12.1	12.7	19.2	43.5	30	2010
1ER79814	364	H	6.9	12.2	11.1	18.2	43	30	2010
1ER79815	364	H	7.3	12.1	11.5	19.2	44	30	2010
1ER79816	364	H	6.8	12.3	12.3	19.6	41	30	2010
1ER79817	364	H	6.9	12.3	11.6	19	44	30	2010
1ER79818	506	L	5.5	11.5	12.3	19.5	43.5	31	2010
1ER79819	506	L	6.1	12	12.8	19.8	43	31	2010
1ER79820	506	L	6.7	12.7	12.3	19.4	45	31	2010
1ER79821	506	L	6.2	11.9	12.7	19.7	44	31	2010
1ER79822	506	L	6.2	12.3	11.8	19.2	44	31	2010
1ER79823	506	L	5.2	11.5	11.3	18.3	41	31	2010
1ER17601	838	H	6.4	11.6	11.2	18.6	41	16	2009
1ER17602	838	H	4.9	9.8	10.3	17.7	39.5	16	2009
1ER17603	838	H	6.6	11.3	11.2	18.2	40.5	16	2009
1ER17604	838	H	6.9	11.3	11.1	17.9	43	16	2009
1ER17605	838	H	6.2	10.3	10.1	17.2	39	16	2009
1ER17606	838	H	4.1	8.9	9.4	17.6	29	16	2009
1ER17607	838	H	6.1	10.7	11	17.9	41	16	2009
1ER17608	838	H	6.4	11.7	10.6	17.6	43	16	2009
NA	838	H	3.2	8.2	NA	NA	NA	16	2009
1EP51290	617	H	7.1	11.5	12.2	18.7	45	17	2009
1EP51291	617	H	6.3	10.5	12.9	18.6	42.5	17	2009
1EP51292	617	H	6	10.2	12.3	18.6	42	17	2009
1EP51294	247	H	6	10.8	11.4	18.1	41	15	2009
1EP51295	247	H	5.8	10.9	11.3	18.4	43	15	2009
1EP51296	247	H	5.7	10.3	11.1	18.5	42	15	2009
1EP51297	247	H	5.8	9.8	12.6	18.6	40	15	2009
1EP51298	247	H	4.6	9.1	10.8	18.4	39	15	2009
1EP51299	247	H	5.9	10.3	11.2	17.8	41	15	2009
1ER17600	247	H	5.8	10.7	11	17.8	42	15	2009
1ER17610	21	M	6.2	11.3	12.1	19.1	44.5	16	2009
1ER17611	21	M	6.1	10.8	12.1	19	41.5	16	2009
1ER17612	21	M	5.8	10.6	11.5	18.4	44	16	2009
1ER17613	21	M	5	9.9	11.8	18.7	42.5	16	2009
1ER17614	21	M	6.4	11.6	12.4	18.7	44	16	2009
1ER17615	21	M	6.8	11.6	12.4	18.8	44	16	2009
1ER17616	21	M	6.9	11.4	12.2	18.5	44	16	2009
1ER17617	21	M	4.6	8.5	11.7	17.7	39.5	16	2009
1ER17618	21	M	5.4	10.4	11.8	18.1	43	16	2009
1ER17620	7001	L	5.2	10.1	13.1	18.9	40.5	18	2009
1ER17621	7001	L	4.3	9.4	12.5	18.3	34	18	2009
1ER17622	7001	L	5	9.6	12.4	18.4	39	18	2009
1ER17623	7001	L	4.9	9.2	12.9	18.2	39	18	2009
1ER17624	7001	L	4.6	9.3	12.3	18.1	38.5	18	2009
NA	7001	L	4	8.7	NA	NA	NA	18	2009
NA	7001	L	3.7	8.4	NA	NA	NA	18	2009
NA	7001	L	1.3	NA	NA	NA	NA	18	2009
1ER17627	875	L	6.6	11.1	10.4	18.3	42.5	14	2009
1ER17628	875	L	5.7	10.8	10.2	18.4	40.5	14	2009
1ER17629	875	L	5.6	9.8	10.9	18.9	39.5	14	2009
1ER17630	875	L	5.2	9.6	10.5	17.7	38.5	14	2009
1ER17631	875	L	5	9.6	10.4	18.3	40.5	14	2009
1ER17632	875	L	4.6	9.3	10.3	17.9	38	14	2009
1ER17633	875	L	5.6	9.8	10.3	17.8	40	14	2009
1ER17636	674	H	3.9	8.4	NA	NA	NA	18	2009
1ER17637	674	H	6.1	10.9	NA	NA	NA	18	2009
1ER17638	674	H	6	10.6	NA	NA	NA	18	2009
1ER17937	674	H	3.8	8.4	NA	NA	NA	18	2009
1ER17640	674	H	5.8	10.7	NA	NA	NA	18	2009
1ER17641	674	H	6.3	11.1	NA	NA	NA	18	2009
1ER17642	674	H	4.8	9.4	NA	NA	NA	18	2009
1ER17643	674	H	5.4	9.9	NA	NA	NA	18	2009
1ER17644	674	H	5.7	10.7	NA	NA	NA	18	2009
1ER17645	674	H	5.3	10.2	NA	NA	NA	18	2009
1ER17646	674	H	6.2	10.8	NA	NA	NA	18	2009
1ER17649	4	M	6.2	10.9	11.3	18.3	42.5	18	2009
1ER17650	4	M	5.9	10.7	11.3	18	42	18	2009
1ER17651	4	M	7.2	11	12.7	18.3	42.5	18	2009
1ER17652	4	M	5.8	10.3	11.7	18.4	40	18	2009
1ER17653	4	M	6.1	11.1	12.4	19.3	43	18	2009
1ER17654	4	M	5.8	10.1	12.2	18.1	42	18	2009
1ER17655	4	M	6.3	11	12.2	19.2	42	18	2009
1ER17936	4	M	3.5	7.9	11	17.2	35	18	2009
1ER17671	836	L	7.2	12.2	11.9	18.55	44.5	17	2009
1ER17672	836	L	6	11.6	11.7	18.72	46	17	2009
1ER17673	836	L	6.7	12.5	11.5	18.52	47	17	2009
1ER17674	836	L	6.7	12.3	11.8	18.49	45.5	17	2009
1ER17675	836	L	7.3	12.1	12.8	18.81	47	17	2009
1ER17676	836	L	7	12.7	11.7	18.97	45	17	2009
1ER17677	836	L	5.7	10.9	11.6	18.93	42	17	2009
1ER17678	836	L	6.8	12.2	11.9	19.2	46.5	17	2009
1ER17679	836	L	5.1	10.1	11.4	19.25	43	17	2009
1ER17200	753	M	5.6	10.2	NA	NA	NA	18	2009
1ER17201	753	M	5.9	10.3	NA	NA	NA	18	2009
1ER17202	753	M	6.7	10.9	NA	NA	NA	18	2009
1ER17203	753	M	6.3	11	NA	NA	NA	18	2009
1ER17691	548	M	6.9	11.9	11.6	18.4	45.5	19	2009
1ER17692	548	M	5.6	10.8	11.4	17.7	43	19	2009
1ER17693	548	M	4.8	9.8	11.4	17.7	40	19	2009
1ER17694	548	M	6.3	11.9	11.3	18.3	44	19	2009
1ER17695	548	M	5.7	11.2	11.3	17.4	43	19	2009
1ER17696	548	M	6.8	12	12.5	17.9	45	19	2009
1ER17697	548	M	6	11.4	12.6	18.6	45.5	19	2009
1ER17698	548	M	5.7	10.9	12.1	18.4	43.5	19	2009
1ER17699	548	M	6.4	11.5	11.7	17.7	45.5	19	2009
1ER17969	548	M	4.2	8	11.2	17.1	39.5	19	2009
1ER17214	277	L	5.6	10.7	10.3	18	39.5	17	2009
1ER17215	277	L	5.5	10.6	10.7	17.9	39	17	2009
1ER17216	277	L	6.2	11.5	11	18.4	42	17	2009
1ER17217	277	L	6.7	12	11.7	18.6	42	17	2009
1ER17218	277	L	6.4	11.4	11.2	17.9	42	17	2009
1ER17219	277	L	5.3	9.3	10.3	17.4	37	17	2009
1ER17220	277	L	6.1	11.1	10.9	18.2	41.5	17	2009
1ER17970	277	L	3.2	7.7	6.7	15.1	26.5	17	2009
1ER17682	207	M	4.6	9.6	12.5	19.3	43	19	2009
1ER17683	207	M	6.2	11.3	11.5	18.4	43	19	2009
1ER17684	207	M	5.7	10.4	12.4	19	42.5	19	2009
1ER17685	207	M	6.2	11.9	11.6	18.4	43.5	19	2009
1ER17686	207	M	5.7	10.7	12	19	44	19	2009
1ER17687	207	M	6.7	11.8	12.5	18.8	45	19	2009
1ER17688	207	M	4.2	9	10.8	18.1	37	19	2009
1ER17689	207	M	7.2	12.3	12.5	19.3	45.5	19	2009
1ER17690	207	M	6.7	12.2	11.7	19	45	19	2009
1ER17206	7009	H	7.3	11.5	12.4	18.2	45	18	2009
1ER17207	7009	H	7.7	12	12.6	18.8	45.5	18	2009
1ER17208	7009	H	5.9	11.3	11.9	18.5	43	18	2009
1ER17209	7009	H	5.3	9.4	11.9	17.8	41	18	2009
1ER17210	7009	H	7.8	11.8	12.2	18.2	44	18	2009
1ER17211	7009	H	6.3	8.8	12.6	18.3	42	18	2009
1ER17212	7009	H	6.9	10.9	11.4	17.3	42.5	18	2009
1ER17663	H8	L	5	10.3	NA	NA	NA	17	2009
1ER17664	H8	L	5.6	10.6	10.6	18.6	44	17	2009
1ER17665	H8	L	6.6	12.2	11.9	19.4	45	17	2009
1ER17666	H8	L	5	9.8	11.5	18.7	42	17	2009
1ER17667	H8	L	6.2	11.4	11.2	19.1	43	17	2009
1ER17668	H8	L	6.4	12.2	11.1	19.2	45	17	2009
1ER17669	H8	L	5.4	10.5	11.1	18.4	41.5	17	2009
1ER17968	H8	L	3.8	7.9	10.4	16.5	38	17	2009
1ER17221	730	H	5.3	10.1	11.4	18.1	40	16	2009
1ER17222	730	H	5.7	10.5	12.4	18.3	42.5	16	2009
1ER17223	730	H	5.5	10.5	10.7	17.9	41	16	2009
1ER17227	693	L	7.7	12.2	13.4	19.2	47.5	20	2009
1ER17228	693	L	6.3	11.2	11.8	18.3	42.5	20	2009
1ER17229	693	L	5.6	9.8	12.3	17.7	42	20	2009
1ER17230	693	L	4.7	9.1	12.3	18.8	40	20	2009
1ER17231	693	L	5.8	10.9	10.8	18.7	42	20	2009
1ER17232	693	L	6.8	11.7	11.8	18.6	45.5	20	2009
1ER17233	693	L	7.1	12	11.9	18.5	46	20	2009
1ER17234	693	L	4.8	9.2	11.7	17.5	40.5	20	2009
1ER17235	606	L	5.7	10.6	11.2	18.1	43	19	2009
1ER17236	606	L	6.1	11.3	10.6	17.9	45	19	2009
1ER17237	606	L	4.2	8.9	11.5	18.5	39.5	19	2009
1ER17238	606	L	5.6	10.7	11.9	18.6	44	19	2009
1ER17239	606	L	5.6	11.1	11.5	18.7	45	19	2009
1ER17240	606	L	4.7	10	11.2	18.7	42	19	2009
1ER17241	606	L	6.4	11.4	12	18.5	44.5	19	2009
1ER17242	606	L	6.1	11.2	11.4	18.4	45	19	2009
1ER17243	606	L	6	11.3	11.6	18.1	44.5	19	2009
1ER17244	606	L	5.6	10.6	10.3	18.2	43	19	2009
1ER17245	606	L	5.4	10.7	11.1	18.3	43.5	19	2009
1ER17246	533	L	4.3	9.1	10.7	17.1	38	18	2009
1ER17247	533	L	5.9	11	12	17.7	42	18	2009
1ER17248	533	L	5.4	10.8	11.9	17.6	41.5	18	2009
1ER17249	533	L	6.4	11.7	12.6	17.8	43	18	2009
1ER17250	533	L	6.7	12.1	12.4	18	45	18	2009
1ER17251	533	L	5.7	11.2	11.8	18	43	18	2009
1ER17252	533	L	6.6	11.8	12.6	18.1	44	18	2009
1ER17253	533	L	7.4	12.5	12.9	18.5	46	18	2009
1ER17254	533	L	6.2	11.7	12.1	18.5	43.5	18	2009
1ER17255	533	L	6.7	12.3	13.1	18.9	45	18	2009
NA	533	L	1.9	NA	NA	NA	NA	18	2009
1ER17256	7004	M	7.2	12.1	11.6	17.8	42	19	2009
1ER17257	7004	M	6.9	12.3	11.8	17.9	40.5	19	2009
1ER17258	7004	M	6.8	12.3	12	18.6	42	19	2009
1ER17259	7004	M	5.4	10.8	10.8	18.1	38	19	2009
1ER17260	7004	M	6.1	11.7	10.8	17.9	38.5	19	2009
1ER17261	7004	M	7.4	12.7	12.2	18.8	43	19	2009
1ER17262	7004	M	6.7	12.1	12.2	18.4	43	19	2009
1ER17275	863	H	7.3	12.8	12.7	19.6	46.5	22	2009
1ER17276	863	H	6.3	12	12.7	19.3	45.5	22	2009
1ER17277	863	H	7.1	12.2	11.3	18.5	42.5	22	2009
1ER17278	863	H	7.3	12.8	12.2	19	47	22	2009
1ER17279	863	H	6.9	12.1	13.3	20	43	22	2009
1ER17280	863	H	7.4	12.5	12.2	19.7	46	22	2009
1ER17281	863	H	5.6	10	12.5	18.8	40	22	2009
1ER17282	863	H	5.1	9.8	11.4	18.5	40	22	2009
1ER17283	863	H	7.1	12.3	12.1	18.7	44	22	2009
1ER17264	78	M	4.6	10.3	NA	NA	NA	21	2009
1ER17265	78	M	5.3	11.1	NA	NA	NA	21	2009
1ER17266	78	M	5.2	10.7	NA	NA	NA	21	2009
1ER17267	78	M	6.6	11.7	NA	NA	NA	21	2009
1ER17268	78	M	5.6	11.6	NA	NA	NA	21	2009
1ER17269	78	M	6.2	11.6	NA	NA	NA	21	2009
1ER17270	78	M	6.3	11.7	NA	NA	NA	21	2009
1ER17271	78	M	5.8	11.9	NA	NA	NA	21	2009
1ER17272	78	M	5.8	11.4	NA	NA	NA	21	2009
NA	78	M	3.2	8.5	NA	NA	NA	21	2009
1ER17431	771	L	7	12.5	12.9	18.7	45	24	2009
1ER17432	771	L	6.3	11.4	12.6	18.3	44	24	2009
1ER17433	771	L	6.3	11.7	11.7	18	42	24	2009
1ER17434	771	L	5.7	10.7	9.2	16.4	36.5	24	2009
1ER17435	771	L	6.9	12.9	12.1	18.6	46	24	2009
1ER17436	771	L	7.4	12.7	13.2	18.7	45.5	24	2009
1ER17437	771	L	4.6	9.7	13.3	18.4	45	24	2009
1ER79505	771	L	2.4	NA	10.3	16.7	29	24	2009
1ER17407	274	H	5.6	10.2	NA	NA	NA	23	2009
1ER17408	274	H	5.2	9.9	NA	NA	NA	23	2009
1ER17409	274	H	6.2	10.9	NA	NA	NA	23	2009
1ER17410	274	H	5.3	10	NA	NA	NA	23	2009
1ER17411	274	H	5.6	10.1	NA	NA	NA	23	2009
1ER17412	274	H	5.8	10.3	NA	NA	NA	23	2009
1ER17413	274	H	6.3	10.8	NA	NA	NA	23	2009
1ER17414	274	H	4.7	9.3	NA	NA	NA	23	2009
NA	274	H	3.5	7.9	NA	NA	NA	23	2009
1ER17296	203	M	5.8	11.1	12.4	18.4	40	23	2009
1ER17297	203	M	4.1	8.7	11.2	16.5	35	23	2009
1ER17298	203	M	6.1	11.2	11.8	18.2	43	23	2009
1ER17299	203	M	5.6	10.4	11.7	17	41	23	2009
1ER17400	203	M	5.3	10	12.2	17.6	42	23	2009
1ER17401	203	M	6.7	11.2	13.2	18	44	23	2009
1ER17402	203	M	6.7	11.1	13.6	17.9	44	23	2009
1ER17403	203	M	6.3	11.5	12.7	18.1	43	23	2009
1ER17404	203	M	6.7	11.5	12.7	17.8	43	23	2009
1ER79506	203	M	2.3	NA	10.3	16.3	25	23	2009
1ER17417	97	M	6.2	11.2	12.5	18.4	42	24	2009
1ER17418	97	M	6.6	11.4	13.5	19.2	44	24	2009
1ER17419	97	M	6.5	11.5	12.7	18.5	43	24	2009
1ER17420	97	M	4.8	9.1	12	18.3	39.5	24	2009
1ER17421	97	M	7	11.6	13.9	18.9	44	24	2009
1ER17422	97	M	5.3	10	13.1	18.8	40.5	24	2009
1ER17423	97	M	6.4	10.8	13.3	19.1	42	24	2009
1ER17424	97	M	4	8.3	12.6	17.7	36.5	24	2009
1ER79504	97	M	1.9	NA	11.2	16.3	27.5	24	2009
1ER17425	61	H	7.2	12.9	12.7	19.8	44	25	2009
1ER17426	61	H	5.6	11.7	12.7	20.1	43.5	25	2009
1ER17427	61	H	6.3	11.5	11.8	18.9	42	25	2009
1ER17428	61	H	7.1	12.3	12.1	19.5	44.5	25	2009
1ER17429	61	H	4.3	8.7	12.3	19.3	38	25	2009
1ER17430	61	H	6.9	12	13.7	20	44	25	2009
1ER17287	26	M	5.7	11.3	12.3	18.6	44.5	22	2009
1ER17288	26	M	5.2	10.3	12	18.5	39.5	22	2009
1ER17289	26	M	6.2	10.9	12.3	18.6	42	22	2009
1ER17290	26	M	6.3	11.3	13.3	19	44	22	2009
1ER17291	26	M	4.9	9.5	11.2	17.8	39	22	2009
1ER17292	26	M	5.3	10.5	12	18.3	42	22	2009
1ER17293	26	M	3.8	8.1	12.1	17.5	36	22	2009
1ER17294	26	M	5.2	10.3	12.2	18.6	39	22	2009
1ER17295	26	M	5.1	10.3	11.9	18.2	39.5	22	2009
1ER17462	729	H	6.2	12.4	10.8	19.1	43	24	2009
1ER17463	729	H	6.2	12.8	11.2	19.6	44.5	24	2009
1ER17464	729	H	5	10.5	11.1	19	40	24	2009
1ER17465	729	H	5.6	11.3	11.3	19.4	44	24	2009
1ER17466	729	H	6.2	12.3	11.5	19.3	45	24	2009
1ER17467	729	H	6	12	11	19.1	42.5	24	2009
1ER17468	729	H	6.5	13.1	10.3	19.4	45	24	2009
1ER17469	729	H	6.5	12.8	10.7	19	44	24	2009
1ER17452	629	H	5.8	10.6	12	18.5	40.5	23	2009
1ER17453	629	H	5.7	11.6	11.7	19	40	23	2009
1ER17454	629	H	5.2	10.3	11.9	18.7	39	23	2009
1ER17455	629	H	3.8	8.8	9.8	17.7	33.5	23	2009
1ER17456	629	H	5.1	10	11.2	18.4	37	23	2009
1ER17457	629	H	5.8	10.9	12	19.3	39	23	2009
1ER17458	629	H	4.8	9.9	11.1	18.3	39	23	2009
1ER17459	629	H	5.8	11.2	11.9	19.4	39	23	2009
1ER17460	629	H	5.1	10.5	11.7	18.8	38	23	2009
1ER17461	629	H	3.7	8.5	10.2	17.4	31.5	23	2009
NA	629	H	1.4	NA	NA	NA	NA	23	2009
1ER17443	62	M	5.3	10.6	NA	NA	NA	24	2009
1ER17444	62	M	5.1	10.6	NA	NA	NA	24	2009
1ER17445	62	M	5	10.4	NA	NA	NA	24	2009
1ER17446	62	M	5.7	11.3	NA	NA	NA	24	2009
1ER17447	62	M	5.7	11.3	NA	NA	NA	24	2009
1ER17448	62	M	5.4	11.2	NA	NA	NA	24	2009
1ER17449	62	M	5.9	10.9	NA	NA	NA	24	2009
1ER17450	62	M	5.8	11.7	NA	NA	NA	24	2009
1ER17451	62	M	3.2	8.2	NA	NA	NA	24	2009
1ER17470	7013	M	5.2	10.1	11.2	17.7	39	24	2009
1ER17471	7013	M	6.8	11.5	12.1	18.6	44.5	24	2009
1ER17472	7013	M	6.2	10.8	11.7	18.1	44	24	2009
1ER17473	7013	M	5.6	10.4	11.8	18.4	43	24	2009
1ER17474	7013	M	6.1	11.1	12.7	18.2	44	24	2009
1ER17475	7013	M	6.3	11.5	12.5	18.6	45	24	2009
1ER17476	7013	M	5.8	11.2	11.3	18	43	24	2009
1ER17478	7013	M	4.7	9.6	12.2	18.3	44	24	2009
1ER17479	7013	M	6.3	11	11.7	18	41.5	24	2009
1ER79507	7013	M	3.3	8	10.8	17.4	36	24	2009
1ER17481	257	M	6.2	10.9	13.6	18.8	44.5	23	2009
1ER17482	257	M	6.6	11.8	12.3	18.9	45	23	2009
1ER17483	257	M	5.7	10.8	12.2	18.2	42.5	23	2009
1ER17484	257	M	4.6	9.6	12.2	18.2	39	23	2009
1ER17485	257	M	5.6	10.5	12.6	18.8	41.5	23	2009
1ER17486	257	M	5.8	11.2	12	18.2	43	23	2009
1ER17487	257	M	4.4	9.2	11.2	17.2	38	23	2009
1ER17488	257	M	6	10.8	12.7	18.9	42.5	23	2009
1ER17489	257	M	4.8	9.9	11.7	18.9	39.5	23	2009
1ER17490	257	M	4	8.5	10.6	17.7	37.5	23	2009
1ER17491	257	M	5.3	10.5	12	18.7	42	23	2009
1ER79528	257	M	2.8	NA	11.2	18.4	34.5	23	2009
1ER17492	508	L	5.9	10.8	10.9	17.5	43	21	2009
1ER17493	508	L	6.6	11.8	12.2	18.3	44.5	21	2009
1ER17494	508	L	5	10.3	11.3	17.7	40	21	2009
1ER17495	508	L	3.8	8.8	10.6	17.4	37.5	21	2009
1ER17496	508	L	7	12	12.3	18.3	44	21	2009
1ER17497	508	L	6.6	12.1	11.8	18.6	45	21	2009
1ER17498	508	L	6.7	12.5	11.7	18.9	45	21	2009
1ER17499	508	L	7	12.2	11.9	18.9	44	21	2009
1ER17900	508	L	6.6	12.6	12	18.7	45	21	2009
1ER17901	508	L	6.4	11.4	11.7	18.4	45	21	2009
1ER17902	508	L	5.5	10.6	10.7	17.1	41	21	2009
1ER17925	299	H	4.8	9.6	NA	NA	NA	25	2009
1ER17926	299	H	6.2	11.3	NA	NA	NA	25	2009
1ER17927	299	H	6.8	12.2	NA	NA	NA	25	2009
1ER17928	299	H	6	11.6	NA	NA	NA	25	2009
1ER17929	299	H	6.6	11.1	NA	NA	NA	25	2009
1ER17930	299	H	5.4	10.4	NA	NA	NA	25	2009
1ER17931	299	H	7.1	12.2	NA	NA	NA	25	2009
1ER17932	299	H	6.5	11.9	NA	NA	NA	25	2009
1ER17933	299	H	6.6	10.9	NA	NA	NA	25	2009
1ER17934	299	H	6.3	11.9	NA	NA	NA	25	2009
1ER17905	756	L	4.6	9.6	11.7	18.3	38	21	2009
1ER17906	756	L	7.1	11.8	12.3	19.1	43.5	21	2009
1ER17907	756	L	5.1	10.6	12	18	41	21	2009
1ER17908	756	L	5.2	10.5	10.6	18.3	41	21	2009
1ER17909	756	L	6.5	11.6	12.2	18.2	44	21	2009
1ER17910	756	L	6.5	11.9	11.4	18.6	42	21	2009
1ER17911	756	L	4.8	10	11.8	18.2	40.5	21	2009
1ER17912	756	L	5.4	10.6	10.7	17.9	43.5	21	2009
1ER79539	756	L	2.6	NA	11.5	18	34.5	21	2009
1ER17913	569	H	6.6	12.1	NA	NA	NA	24	2009
1ER17914	569	H	5.8	11.2	NA	NA	NA	24	2009
1ER17915	569	H	6	12	NA	NA	NA	24	2009
1ER17916	569	H	4.6	9.6	NA	NA	NA	24	2009
1ER17917	569	H	5.6	10.9	NA	NA	NA	24	2009
1ER17918	569	H	6.6	12.4	NA	NA	NA	24	2009
1ER17920	569	H	7.1	12.5	NA	NA	NA	24	2009
1ER17921	569	H	6.3	11.5	NA	NA	NA	24	2009
1ER17922	569	H	6.3	12.1	NA	NA	NA	24	2009
1ER17923	569	H	6.4	12.4	NA	NA	NA	24	2009
NA	569	H	2.9	NA	NA	NA	NA	24	2009
NA	569	H	3.1	NA	NA	NA	NA	24	2009
1ER17958	58	L	5.8	11.5	NA	NA	NA	26	2009
1ER17959	58	L	5.3	10.8	NA	NA	NA	26	2009
1ER17961	58	L	5.6	11.2	NA	NA	NA	26	2009
1ER17962	58	L	6.4	11.4	NA	NA	NA	26	2009
1ER17963	58	L	5.6	10.5	NA	NA	NA	26	2009
1ER17964	58	L	5.1	9.4	NA	NA	NA	26	2009
1ER17965	58	L	6.8	11.8	NA	NA	NA	26	2009
1ER17966	58	L	5.6	10.9	NA	NA	NA	26	2009
1ER17967	58	L	4.1	8.8	NA	NA	NA	26	2009
1ER79540	58	L	2.9	NA	NA	NA	NA	26	2009
1ER17945	811	M	6.6	12.4	11.5	18.8	45	26	2009
1ER17946	811	M	4.6	9.9	11.3	18.5	40	26	2009
1ER17947	811	M	5.5	11.2	11.9	18.9	46	26	2009
1ER17948	811	M	7	13	11.8	18.4	45	26	2009
1ER17949	811	M	7	12.7	12.2	18.5	44.5	26	2009
1ER17950	811	M	6.3	11.6	13.4	18.9	45	26	2009
1ER17951	811	M	6.4	11.4	12.5	19	44.5	26	2009
1ER17952	811	M	5.3	10.8	11.1	18.5	42.5	26	2009
1ER17953	811	M	7.1	12.9	12.6	19.3	46	26	2009
1ER17954	811	M	7.1	12.6	11.8	19.1	44	26	2009
1ER17955	811	M	6.3	11.8	11.9	18.2	44	26	2009
1ER17938	860	L	5.4	9.9	12.3	16.8	43	26	2009
1ER17939	860	L	6.3	11.3	11.5	17.5	44	26	2009
1ER17940	860	L	5.5	10.2	11.9	17.9	43	26	2009
1ER17941	860	L	6.4	11.6	12.1	18.1	45	26	2009
1ER17942	860	L	6.8	10.7	12.8	18.3	45	26	2009
1ER17971	367	L	6.1	11.4	11.4	18.2	44	23	2009
1ER17972	367	L	6.1	11	12.1	18.8	44	23	2009
1ER17973	367	L	6.1	11.8	12	18.3	44.5	23	2009
1ER17974	367	L	5.1	9.9	10.8	18.2	41	23	2009
1ER17975	367	L	6.2	11.1	12.5	18.7	45	23	2009
1ER17976	367	L	6.5	12	12.2	18.7	45	23	2009
1ER17977	367	L	6.7	12.1	11.6	18.4	44	23	2009
1ER17978	367	L	6.4	12	12.6	19.1	45.5	23	2009
1ER17979	367	L	6.8	12	11.2	18.1	45	23	2009
1ER17980	367	L	5.6	11	10.9	17.8	38.5	23	2009
1ER17981	367	L	3.9	9.1	10.9	17.8	38.5	23	2009
CJ32961	298	L	5.7	11.4	11.3	18.2	43	26	2009
CJ32962	298	L	4.8	9.8	12.2	18.3	42	26	2009
CJ32963	298	L	6	11.5	11.6	18.8	42.5	26	2009
CJ32964	298	L	6.6	11.7	10.8	17.9	41	26	2009
CJ32966	298	L	6	11.5	10.4	17.6	44.5	26	2009
CJ32967	298	L	6.1	12.5	11.3	18.9	42.5	26	2009
CJ32968	298	L	6.2	11.8	10.8	17.7	43.5	26	2009
CJ32969	298	L	6.6	12	12	18.2	45	26	2009
CJ32954	269	M	6.9	11.3	NA	NA	NA	27	2009
CJ32955	269	M	6.3	11.3	NA	NA	NA	27	2009
CJ32956	269	M	6.4	11.6	NA	NA	NA	27	2009
CJ32957	269	M	6.5	11.9	NA	NA	NA	27	2009
CJ32958	269	M	7.1	11.7	NA	NA	NA	27	2009
CJ32959	269	M	6.5	11.2	NA	NA	NA	27	2009
CJ32960	269	M	6.5	11.4	NA	NA	NA	27	2009
1ER17984	31	M	6.9	12	11.1	17.6	44.5	28	2009
1ER17985	31	M	6.8	12.2	11.3	18.2	42	28	2009
1ER17986	31	M	7.9	13.2	10.9	18.3	44.5	28	2009
1ER17987	31	M	7.2	13.2	11.2	18.3	45	28	2009
1ER17988	31	M	6.8	12.6	10.1	18.3	42.5	28	2009
1ER17989	31	M	6.5	11.9	11	17.5	42	28	2009
1ER17990	31	M	5	10.1	8.3	17	35	28	2009
1ER17991	31	M	7.7	13.3	10.6	18.5	44	28	2009
1ER17992	31	M	6.1	12	9.9	17.8	42	28	2009
1ER17993	31	M	6.4	12.4	10.1	17.8	43	28	2009
1ER79525	375	L	5.8	10.7	NA	NA	NA	29	2009
1ER17526	375	L	5.8	10.5	NA	NA	NA	29	2009
CJ32970	375	L	4	9.1	NA	NA	NA	29	2009
CJ32971	375	L	4.8	9.5	NA	NA	NA	29	2009
1EP51709	17	H	5.8	11.7	11.1	18.3	41.5	20	2008
1EP51710	17	H	6.4	12.1	11.3	18.7	42	20	2008
1EP51711	17	H	5.6	10.6	11.4	17.7	38	20	2008
1EP51712	17	H	5.4	9.9	11.7	18.3	40	20	2008
1EP51714	17	H	4.9	10.4	10.3	17.9	37.5	20	2008
1EP51715	17	H	6.2	11.7	11.2	18.2	41.5	20	2008
1EP51716	17	H	6.2	11.6	11.4	18.2	41	20	2008
1EP52183	17	H	4.1	9.8	9.8	17.6	35	20	2008
1EP51717	17	H	6.5	11.8	11.6	18	40	20	2008
1EP51751	67	H	6.4	11.6	11.8	18.6	43	19	2008
1EP51752	67	H	5.9	11	11.4	18.7	43.5	19	2008
1EP51753	67	H	5.8	10.8	10.9	18.6	41.5	19	2008
1EP51754	67	H	5.7	11	11.2	18.8	42	19	2008
1EP51755	67	H	6	11.7	10.4	18.1	43.5	19	2008
1EP51756	67	H	5.8	11.7	10.6	18.1	41	19	2008
1EP51757	67	H	6.6	12.3	11.3	18.3	44.5	19	2008
1EP51758	67	H	6.2	12.1	11.7	19.4	45	19	2008
1EP51759	67	H	5.4	11	10.5	19	41	19	2008
1EP51760	67	H	6.1	11.6	11.2	18.7	42.5	19	2008
1EP51761	189	H	6.8	12.3	12.1	18.7	44.5	22	2008
1EP51762	189	H	4.1	8.6	10.6	18	36	22	2008
1EP51763	189	H	6.3	11.4	12.2	18.8	41	22	2008
1EP51764	189	H	6.8	12.1	11.9	19.2	45	22	2008
1EP51765	189	H	6.1	12.2	11.4	18.8	44	22	2008
1EP51766	189	H	6.6	12.1	11.8	18.6	43	22	2008
1EP51767	189	H	4.8	9.4	12.2	18.7	39	22	2008
1EP51768	189	H	5.8	10.6	11.6	18.7	42.5	22	2008
1EP51769	823	H	5.9	11.4	11.9	18.9	42	23	2008
1EP51770	823	H	6.5	11.8	11.1	18.2	44	23	2008
1EP51771	823	H	4.7	9.6	11.6	18.1	40	23	2008
1EP51772	823	H	6.3	12.2	11.7	18.5	44	23	2008
1EP51773	823	H	6.3	12.3	11.3	18.4	43	23	2008
1EP51774	823	H	5.8	11.8	12.1	19.4	43	23	2008
1EP51775	823	H	6.8	12	11.7	18.4	45	23	2008
1EP51776	823	H	6.9	12.1	12.3	18.8	46	23	2008
1EP51777	823	H	6.8	11.3	11.9	18.8	43.5	23	2008
1EP51778	613	H	6.3	11.2	12.2	18.8	43	23	2008
1EP51779	613	H	6.8	11.8	11.5	17.8	42.5	23	2008
1EP51780	613	H	7.7	13.3	12.1	19	46	23	2008
1EP51781	613	H	6.6	12.1	11.3	18.5	44.5	23	2008
1EP51782	613	H	6.7	11.7	12	18.1	44	23	2008
1EP51783	613	H	6.7	12.1	11.3	18.3	45	23	2008
1EP51784	613	H	7.7	13.3	11.6	19.1	47	23	2008
1EP51785	613	H	4.8	9.5	11.3	18.2	40.5	23	2008
1EP51786	613	H	7.6	12.6	11.8	18.4	45.5	23	2008
1EP51787	613	H	5.9	10.6	12.8	18.9	43	23	2008
1EP51788	687	H	6.9	12	11.2	18.5	44	23	2008
1EP51789	687	H	7.2	12.4	12.1	18.6	45.5	23	2008
1EP51790	687	H	6.7	12.7	11.2	18.3	44	23	2008
1EP51791	687	H	6.7	12.4	11.2	18.1	45	23	2008
1EP51792	687	H	5.6	11.7	12.1	18.9	42.5	23	2008
1EP51793	687	H	6.1	11.6	12.2	18.3	43	23	2008
1EP51794	687	H	6.6	12.3	11.8	17.9	44	23	2008
1EP51795	687	H	5.6	10.2	11.3	18.4	41	23	2008
1EP51798	204	H	9.1	13.7	11.7	19.1	46	22	2008
1EP51799	204	H	9.6	14.4	13.1	19.4	47	22	2008
1EP52300	204	H	9.6	10.2	12.6	19.3	40.5	22	2008
1EP52301	204	H	9.6	14.5	11.6	19.2	47.5	22	2008
1EP52302	204	H	8.9	13.5	12.1	18.9	48	22	2008
1EP52303	204	H	6.6	10.5	11.3	18	39	22	2008
1EP52304	204	H	8.4	12.8	11.5	18.6	46	22	2008
1EP52336	207	H	7	11.2	12.2	18.4	44	23	2008
1EP52337	207	H	5.5	11.8	11.2	18.9	44.5	23	2008
1EP52338	207	H	6.1	11.4	11.6	18.3	44	23	2008
1EP52339	207	H	6.7	11.4	12	18.7	44.5	23	2008
1EP52340	207	H	4.2	8.5	11.6	18	39.5	23	2008
1EP52341	207	H	5	10	12.8	19.4	41.5	23	2008
1EP52342	207	H	5.8	10.4	10.4	17.7	42.5	23	2008
1EP52343	207	H	6	10.6	11.1	17.5	42	23	2008
1EP52344	207	H	5.4	9.7	11.5	17.9	42.5	23	2008
1EP52373	566	H	6.2	11.5	NA	NA	NA	25	2008
1EP52374	566	H	6.6	11.6	NA	NA	NA	25	2008
1EP52375	566	H	5.8	10.6	NA	NA	NA	25	2008
1EP52376	566	H	6.2	10.4	NA	NA	NA	25	2008
1EP52378	566	H	6.1	11.1	NA	NA	NA	25	2008
1EP52379	566	H	6.3	10.8	NA	NA	NA	25	2008
1EP52380	566	H	7.1	11.8	NA	NA	NA	25	2008
1EP52385	632	H	5.1	9	NA	NA	NA	26	2008
1EP52386	632	H	4.9	9.8	NA	NA	NA	26	2008
1EP52387	632	H	6.1	10.9	NA	NA	NA	26	2008
1EP52388	632	H	4.7	9.6	NA	NA	NA	26	2008
1EP52389	632	H	6	11	NA	NA	NA	26	2008
1EP52391	632	H	5.4	9.8	NA	NA	NA	26	2008
1EP52392	632	H	6	10.5	NA	NA	NA	26	2008
1EP52403	808	H	6.3	11.3	11.7	18.3	43.5	24	2008
1EP52404	808	H	7.1	12.2	11.6	18.8	44.5	24	2008
1EP52405	808	H	6.7	11.5	11.8	17.9	45	24	2008
1EP52406	808	H	5.4	10.2	11.3	18	43	24	2008
1EP52407	808	H	6.9	11.2	12.5	18.7	45	24	2008
1EP52408	808	H	4.5	8.6	11.7	17.4	39.5	24	2008
1EP52409	699	H	6.2	10.8	12.1	18.3	44	26	2008
1EP52410	699	H	6.3	11.3	12.2	18.6	43.5	26	2008
1EP52411	699	H	4.6	8.2	12.1	17.3	39	26	2008
1EP52412	699	H	7.1	11.1	12.4	18.3	45	26	2008
1EP52413	699	H	5.3	9.8	12.2	18.4	42.5	26	2008
1EP52414	699	H	4.6	8.3	11.8	18	39	26	2008
1EP52415	699	H	6.4	11.4	11.6	18.1	45	26	2008
1EP52416	699	H	6.6	11.2	11.4	18.1	45	26	2008
1EP52417	699	H	6.1	10.1	11.1	17.9	43	26	2008
1EP52418	869	H	7.1	11.5	11.6	19.2	43.5	25	2008
1EP52419	869	H	5.8	9	11.5	18.4	40	25	2008
1EP52420	869	H	7.5	11.1	11.9	18.5	44	25	2008
1EP52421	869	H	7.1	11.4	10.4	18.6	42	25	2008
1EP52437	185	H	6	9.9	12.1	17.8	44	25	2008
1EP52438	185	H	7.3	12.5	11.8	19	46	25	2008
1EP52439	185	H	7.5	12.4	12.1	18.6	44.5	25	2008
1EP52440	185	H	7.5	11.9	11.8	18.7	46	25	2008
1EP52441	185	H	5.4	9.9	11.7	18.6	45	25	2008
1EP52442	185	H	5.7	10.8	10.6	18.3	42.5	25	2008
1EP52443	185	H	6.6	12.4	12.2	18.7	44.5	25	2008
1EP52444	185	H	6	10.7	11.6	19.4	43	25	2008
1EP52445	185	H	6.8	11.4	11.7	19	46	25	2008
1EP52446	185	H	7	12	11.9	18.5	44	25	2008
1EP52460	V53	H	6.2	10.7	13.2	19	44	27	2008
1EP52461	V53	H	5.7	10.4	13.2	19.5	44	27	2008
1EP52462	V53	H	5.8	10.4	13.7	19.3	43	27	2008
1EP52463	V53	H	5.3	9.8	12.4	17.9	44.5	27	2008
1EP52464	V53	H	6	10.7	11.6	18.3	44	27	2008
1EP52465	V53	H	6.1	10.4	13.1	19.5	43	27	2008
1EP52466	V53	H	5.7	10.5	12.7	18.7	43.5	27	2008
1EP52467	V53	H	5.5	10	12.8	18.8	42.5	27	2008
1EP51827	V53	H	3.1	NA	11.5	18.1	36	27	2008
1EP52119	279	H	5.6	10.9	11.2	18.4	41	26	2008
1EP52120	279	H	5.8	10.4	10.8	17.9	41	26	2008
1EP52121	279	H	5.2	9.5	10.4	17.7	38.5	26	2008
1EP52122	279	H	6.2	10.8	11.8	19.1	43	26	2008
1EP52123	279	H	6.3	10.7	11.7	18.6	43.5	26	2008
1EP52124	279	H	5.9	10.4	10.8	17.8	42.5	26	2008
1EP52125	279	H	5.9	8.9	10.9	17.5	41	26	2008
1EP52126	279	H	4.9	9.4	10	17.8	39	26	2008
1EP51828	279	H	4.6	8.4	11.5	18	39	26	2008
1EP52127	46	H	8.2	12.9	13.2	19.5	48	29	2008
1EP52128	46	H	7.6	12.2	12.3	18.4	47	29	2008
1EP52129	46	H	5.2	10.1	11.6	18.6	43.5	29	2008
1EP52130	46	H	6.3	10.7	12.3	18.3	44.5	29	2008
1EP52131	46	H	6.8	11.9	11.8	19	47.5	29	2008
1EP52133	46	H	4.3	9	11.1	18	39.5	29	2008
1EP52134	46	H	7.3	12.7	11.8	19.4	46	29	2008
1EP52135	46	H	7.8	12.8	12.7	18.9	48	29	2008
1EP52136	46	H	7.6	13.3	11.9	19.7	48	29	2008
1EP52137	46	H	7.6	13.3	12.3	19.6	47	29	2008
1EP52145	826	H	8	13.6	12.2	19.8	48.5	27	2008
1EP52146	826	H	7.5	13.2	13.3	19.2	49	27	2008
1EP52147	826	H	5.8	11.1	12.1	18.6	43.5	27	2008
1EP52148	826	H	7.2	13	12.8	18.6	48	27	2008
1EP52149	826	H	6.8	13.2	11.3	19.2	48	27	2008
1EP52150	826	H	6.7	12.1	12.6	18.9	46	27	2008
1EP52151	826	H	7.5	13.3	12.3	19	48	27	2008
1EP52152	826	H	7.7	13.7	13.2	19.7	49.5	27	2008
NA	826	H	1.6	NA	NA	NA	NA	27	2008
NA	826	H	2.9	NA	NA	NA	NA	27	2008
1EP52163	574	H	6.1	10.2	12.7	19.2	43	29	2008
1EP52164	574	H	6.2	10	12.2	18.1	41.5	29	2008
1EP52165	574	H	6.4	10.5	11.8	18.7	43.5	29	2008
1EP52166	574	H	6.6	10.9	11.1	18.6	44	29	2008
1EP52167	574	H	6.2	10.3	11.6	18	42.5	29	2008
1EP52168	574	H	5.8	10.4	12	18.5	42.5	29	2008
1EP52169	574	H	5.7	9.9	11.3	17.5	43	29	2008
1EP52170	574	H	7.1	10.5	13	18.7	44.5	29	2008
1EP52171	574	H	4.3	7.1	12.1	18	38	29	2008
1EP51726	28	L	5.6	10.3	12.7	18.2	41	19	2008
1EP51727	28	L	5.3	10.4	11.8	18.1	40	19	2008
1EP51728	28	L	5.6	10.2	13.2	18.5	43.5	19	2008
1EP52196	28	L	3.6	8.2	12.4	17.6	34	19	2008
1EP51742	372	L	5.8	11	NA	NA	NA	20	2008
1EP51743	372	L	6.1	11.7	NA	NA	NA	20	2008
1EP51744	372	L	5.1	10.4	NA	NA	NA	20	2008
1EP51745	372	L	5.3	10	NA	NA	NA	20	2008
1EP51746	372	L	6	10.4	NA	NA	NA	20	2008
1EP51747	372	L	5.9	10.7	NA	NA	NA	20	2008
1EP51748	372	L	4.4	8.8	NA	NA	NA	20	2008
1EP51749	372	L	5.1	9.5	NA	NA	NA	20	2008
1EP51750	372	L	5.1	10	NA	NA	NA	20	2008
1EP51796	693	L	5.7	10.5	10.2	16.6	39.5	20	2008
1EP51797	693	L	5.6	10.2	10.3	17.3	40	20	2008
1EP52331	211	L	5.3	9.6	11.5	18	43.5	20	2008
1EP52332	211	L	5.4	NA	12.2	18	42.5	20	2008
1EP52333	211	L	5.3	10.2	11.9	18	43.5	20	2008
1EP52334	211	L	4.7	9.4	10.8	17.4	41.5	20	2008
1EP52335	211	L	5.6	10	11.6	17.6	42	20	2008
1EP52369	773	L	5	10	11.7	17.3	43	20	2008
1EP52370	773	L	4.6	8.6	10.9	16.5	38	20	2008
1EP52371	773	L	5.3	9.2	12	17.2	42	20	2008
1EP52372	773	L	4.7	8.7	11.1	17.3	40.5	20	2008
1EP51818	773	L	4.2	7.3	11.4	15.7	38	20	2008
1EP52393	608	L	7.3	12.3	12.2	18.4	47	22	2008
1EP52394	608	L	7.2	11.8	12.3	18	47.5	22	2008
1EP52395	608	L	7.1	12.3	12.5	18.3	46	22	2008
1EP52396	608	L	5.6	11.3	11.1	18.4	44	22	2008
1EP52397	608	L	6.3	11.8	11.7	18.4	45.5	22	2008
1EP52398	608	L	7	11.9	11.8	18	46.5	22	2008
1EP52399	608	L	6.5	10.8	11.7	17.7	44	22	2008
1EP52400	608	L	7	11.9	12.2	18.8	47.5	22	2008
1EP52401	608	L	6.9	11.7	11.7	18.1	46.5	22	2008
1EP52402	608	L	6.6	12.2	11.3	17.7	45.5	22	2008
1EP51820	608	L	3.3	NA	12.3	17.6	36.5	22	2008
1EP52447	736	L	6.9	12.2	11.9	18.5	45	24	2008
1EP52448	736	L	6.6	10.8	12.4	18.3	45.5	24	2008
1EP52449	736	L	7.2	12.6	11.8	18.9	47.5	24	2008
1EP52450	736	L	6.3	11.2	11.8	18.8	42	24	2008
1EP52451	736	L	6.9	11.8	11.8	18.3	44	24	2008
1EP52452	736	L	7.3	12.1	12.1	18.7	47	24	2008
1EP52453	736	L	7.3	11.3	11.2	17.4	44	24	2008
1EP52454	736	L	7.6	11.4	12.5	18.4	46	24	2008
1EP52455	845	L	4.5	9	9.7	16.9	39	25	2008
1EP52456	845	L	6.2	10.7	10.2	17.5	43.5	25	2008
1EP52457	845	L	6.5	NA	9.3	17.1	44	25	2008
1EP52458	845	L	NA	NA	11.3	18.1	45	25	2008
1EP52476	727	L	7.1	11.2	12.8	19.1	44.5	25	2008
1EP52477	727	L	6.1	10.9	12.1	18.6	43.5	25	2008
1EP52478	727	L	6.7	10.8	12.6	18.8	44	25	2008
1EP52479	727	L	5.8	9.5	12.6	18.8	41.5	25	2008
1EP52480	727	L	6.2	10.7	12.2	17.8	43	25	2008
1EP52486	835	L	7.2	11.5	12.3	18	45	26	2008
1EP52487	835	L	7.6	12.1	12.1	17.5	46.5	26	2008
1EP52488	835	L	7.1	11.5	11.4	17.8	43.5	26	2008
1EP52489	835	L	7.9	12.7	13.3	18.7	47	26	2008
1EP52490	835	L	7.9	12.6	11.2	17.9	45.5	26	2008
1EP52491	835	L	7.2	12.5	11.6	17.3	46	26	2008
1EP52492	835	L	5.6	10.4	10.8	17.9	42	26	2008
1EP52493	835	L	7.2	12.3	11.4	17.6	46	26	2008
1EP52115	603	L	6.1	9.9	11.3	17.4	43.5	26	2008
1EP52116	603	L	7.1	10.8	11.8	17.8	45	26	2008
1EP52117	603	L	7.1	11.3	11.9	18.3	45.5	26	2008
1EP52118	603	L	5.2	NA	12.7	17.5	41	26	2008
CG53578	678	L	4.4	8.7	11.1	17.5	40.5	28	2008
CG53579	678	L	4.2	8.1	10.4	16.8	37	28	2008
CG53580	678	L	4.7	8.8	10.9	17.7	42.5	28	2008
1EP51832	678	L	2.7	NA	9.5	17	33.5	28	2008
1EP52153	158	L	6.7	11	12.3	18.4	45	23	2008
1EP52154	158	L	5.5	8.7	12.2	18	42.5	23	2008
1EP52155	158	L	4.6	8.8	11.1	17	38	23	2008
1EP52156	158	L	5.7	10.8	11.6	18.3	43	23	2008
1EP52157	158	L	6.2	11	11.9	17.7	43.5	23	2008
1EP52158	158	L	5	9.7	11.6	18.7	39.5	23	2008
1EP52159	158	L	6	9.4	11.7	17.5	43	23	2008
1EP52160	158	L	6.1	10	11.8	17.4	44	23	2008
1EP52161	158	L	6.6	11.1	12.6	17.8	43	23	2008
1EP52172	606	L	6.1	10.7	11.2	17.8	45	28	2008
1EP52173	606	L	6.2	11	11.6	18.4	45.5	28	2008
1EP52174	606	L	4.3	8.1	11.2	17.4	40	28	2008
1EP51834	606	L	3.8	8.1	11.6	18.2	38	28	2008
1EP52177	606	L	7.1	11.6	12.1	18.7	48	28	2008
1EP52178	606	L	6.8	11.7	11.4	18.3	47	28	2008
1EP52179	606	L	6.7	11.2	11.6	18.2	46.5	28	2008
1EP52180	606	L	7.2	11.6	11.6	18.7	47	28	2008
1EP52198	159	L	5.7	10	11.9	17.5	44	28	2008
1EP52199	159	L	4.1	8.8	12.1	18.2	41	28	2008
1EP51800	159	L	6	11.1	12.6	18.6	45	28	2008
1EP51801	159	L	6.7	12.1	13.2	18.9	46	28	2008
1EP51845	159	L	3.8	8.2	10.2	17	38.5	28	2008
1EP51718	839	M	5.7	10.6	9.1	17.5	38	19	2008
1EP51719	839	M	5.9	11.1	9.8	17.8	38.5	19	2008
1EP51720	839	M	5.5	10.8	10.1	18.3	37	19	2008
1EP51721	839	M	5.1	10.1	10.3	18	38	19	2008
1EP51722	839	M	6.4	11.5	10.2	18.6	39	19	2008
1EP51723	839	M	5.3	10.5	9.8	17.6	38.5	19	2008
1EP51724	839	M	5.7	11.1	10.7	18.2	37	19	2008
1EP51725	839	M	4.8	9.9	8.6	16.8	34.5	19	2008
1EP52182	839	M	2.8	NA	6.3	15.7	27.5	19	2008
1EP52181	839	M	3.2	NA	7.4	16.4	32	19	2008
NA	839	M	2.2	NA	NA	NA	NA	19	2008
1EP51729	723	M	6.7	13	11.3	19.3	46	22	2008
1EP51730	723	M	6.7	12.6	11.4	19.9	44.5	22	2008
1EP51731	723	M	6.3	12.4	12.7	19.7	44	22	2008
1EP51732	723	M	5.1	10.1	12.6	19.6	42	22	2008
1EP51733	723	M	7.2	13.2	12	20	45.5	22	2008
1EP51734	723	M	7.2	13	12.4	19.9	45	22	2008
1EP51735	817	M	5.1	10.9	11.8	18.8	40.5	23	2008
1EP51736	817	M	5.2	10.9	12.4	18.6	42	23	2008
1EP51737	817	M	6.2	12.6	12	18.7	45.5	23	2008
1EP51738	817	M	6.1	12.3	11.6	18.3	43	23	2008
1EP51739	817	M	6.7	13	12.5	19.4	44	23	2008
1EP51740	817	M	5.8	11.6	12.3	18.8	44	23	2008
1EP51741	817	M	6.5	12.3	12.9	19.1	44	23	2008
1EP52305	642	M	7.4	12.3	11.6	19.2	47.5	21	2008
1EP52306	642	M	5.9	11	10.7	17.6	43.5	21	2008
1EP52307	642	M	6.6	11.8	10.7	17.8	46	21	2008
1EP52308	642	M	6.6	11.5	11.2	18.4	46	21	2008
1EP52309	642	M	7.6	12.1	12.2	19	48.5	21	2008
1EP52310	642	M	7.1	11.6	11.9	18.6	46.5	21	2008
1EP52311	642	M	4.8	8.8	10.9	17.7	40.5	21	2008
1EP52312	642	M	5.5	9.3	12	18.2	42	21	2008
1EP51802	642	M	3.6	8.1	11.2	18.1	38	21	2008
1EP52313	637	M	6.3	11.4	12.3	18.8	46	23	2008
1EP52314	637	M	5.7	10.4	11.1	17.6	39.5	23	2008
1EP52315	637	M	5.8	11	12.3	18.9	43	23	2008
1EP52316	637	M	4.4	8.8	12.3	18.7	40	23	2008
1EP52317	637	M	5.7	11.1	11.8	18.6	44.5	23	2008
1EP52318	637	M	6	10.4	12.4	18.1	43.5	23	2008
1EP52319	637	M	5.5	9.5	10.6	17.6	42.5	23	2008
1EP52320	637	M	5.3	9.7	11.3	18	41.5	23	2008
1EP52321	637	M	5.3	9.3	11.2	17.1	43	23	2008
1EP51817	637	M	4.2	7.7	11.8	17	38.5	23	2008
1EP52322	689	M	5.8	10.7	10	18	42.5	25	2008
1EP52323	689	M	6.2	11.1	9.7	18.3	43	25	2008
1EP52324	689	M	4.3	8.1	9.3	17.5	38	25	2008
1EP52325	689	M	5.1	9.5	9.6	17.9	40	25	2008
1EP52326	689	M	5.6	10.2	9.1	17.4	42	25	2008
1EP52327	689	M	5.6	9.7	9.5	17.5	40.5	25	2008
1EP52328	689	M	6.1	10.3	10.1	18.3	43	25	2008
1EP52329	689	M	5.8	10.3	11	18.6	44	25	2008
1EP52330	689	M	6.4	10.5	10.4	18.6	44	25	2008
1EP52345	763	M	6.2	11.4	11.5	18.1	44	23	2008
1EP52346	763	M	6.6	11.6	12.2	19.1	45	23	2008
1EP52347	763	M	5.2	9.9	12.6	18.3	42	23	2008
1EP52348	763	M	6.2	11.3	12.3	19	45	23	2008
1EP52349	763	M	6.7	11.8	12.2	18.9	46	23	2008
1EP52350	763	M	6.7	11.7	11.9	18.8	45	23	2008
1EP52351	763	M	4.6	8.9	12	18.8	45	23	2008
1EP52352	651	M	4.3	8.6	11.9	18.2	38.5	24	2008
1EP52353	651	M	5.7	10.1	12.3	18.2	43.5	24	2008
1EP52354	651	M	5.8	10.1	12.1	18.6	43.5	24	2008
1EP52355	651	M	5.8	10.7	11.6	17.8	43	24	2008
1EP52356	651	M	7	11.6	12.4	19.1	45	24	2008
1EP52357	651	M	6.8	11.7	11.6	18.2	43	24	2008
1EP52358	651	M	6.3	10.5	12	18.4	43	24	2008
1EP52359	651	M	6.2	10.6	11.3	17.6	44	24	2008
1EP52360	651	M	6.3	11.3	12.3	19	45.5	24	2008
1EP52361	801	M	5.6	9.7	NA	NA	NA	25	2008
1EP52362	801	M	5.8	10.2	NA	NA	NA	25	2008
1EP52363	801	M	5.5	9.6	NA	NA	NA	25	2008
1EP52364	801	M	5.1	9	NA	NA	NA	25	2008
1EP52365	801	M	5.3	9.3	NA	NA	NA	25	2008
1EP52366	6	M	5.9	10.4	NA	NA	NA	23	2008
1EP52367	6	M	5.9	10.6	NA	NA	NA	23	2008
1EP52368	6	M	4.5	8.9	NA	NA	NA	23	2008
1EP52381	692	M	7.4	12.1	11.9	18.7	44.5	26	2008
1EP52382	692	M	6.9	11.3	12.1	18.2	43	26	2008
1EP52383	692	M	4.4	7.7	12.2	18	38	26	2008
1EP52384	692	M	6.7	11	13	18.8	44	26	2008
1EP52819	692	M	2.6	NA	11.7	17.4	36	26	2008
1EP52468	V211	M	6.2	10.8	13	19.1	43	27	2008
1EP52469	V211	M	6.6	11.1	12.2	18.3	43	27	2008
1EP52470	V211	M	7.1	11.4	13.3	19.1	46	27	2008
1EP52471	V211	M	6.1	10.7	12.6	18.3	45	27	2008
1EP52472	V211	M	6.7	11.4	12.7	18.5	44	27	2008
1EP52473	V211	M	5.6	9.7	13.4	19.1	42	27	2008
1EP52474	V211	M	7	11.4	13.5	19.1	44.5	27	2008
1EP52475	V211	M	4.7	8.7	12.6	18.2	39.5	27	2008
1EP51826	V211	M	3.7	NA	12.8	18.4	44	27	2008
1EP52481	824	M	7.7	12.7	13.5	19.3	47	24	2008
1EP52482	824	M	7.7	12.7	12.5	19.4	46	24	2008
1EP52483	824	M	8.4	12.4	12.6	18.5	44	24	2008
1EP52484	824	M	7.3	12.3	12.9	19.3	45.5	24	2008
1EP52485	824	M	7.4	12	12.7	19.2	45	24	2008
1EP52494	627	M	6	10.5	11.2	18.6	44	24	2008
1EP52495	627	M	4.6	8.9	11.1	19.1	44	24	2008
1EP52496	627	M	6.2	11.7	11	19.6	44	24	2008
1EP52497	627	M	6.9	11.2	11.2	18.98	45	24	2008
1EP52498	627	M	7.7	12.5	11.8	19.7	47	24	2008
1EP52499	627	M	6.3	11.3	11.9	19.6	45.5	24	2008
1EP52100	627	M	6.3	10.6	11.8	18.3	44	24	2008
1EP52101	627	M	6.3	10.6	NA	NA	NA	24	2008
1EP52102	627	M	6.5	11	12.2	19.8	44	24	2008
1EP52103	627	M	5.7	10.2	12.2	19.4	44.5	24	2008
1EP52104	11	M	6.6	11.1	12.6	19.6	44.5	25	2008
1EP52105	11	M	6.8	11.7	12.6	19.5	44.5	25	2008
1EP52106	11	M	6.7	11.4	11.7	19.4	43.5	25	2008
1EP52107	11	M	6.5	11.4	12.1	19.5	44	25	2008
1EP52108	11	M	6.6	10.9	12.1	19.6	44	25	2008
1EP52109	11	M	6.3	10.7	12.6	19.2	44	25	2008
1EP52110	11	M	6.3	11.2	10.3	19.1	42.5	25	2008
1EP52111	11	M	7.1	12.2	12.7	19.7	45.5	25	2008
1EP52112	11	M	7.2	11.8	12	19.4	45.5	25	2008
1EP52113	11	M	5.7	10.5	11.4	19	41	25	2008
1EP52114	11	M	6.1	10.6	12.2	19.3	42.5	25	2008
1EP52138	675	M	7	10.5	NA	NA	NA	29	2008
1EP52139	675	M	5.9	10.4	NA	NA	NA	29	2008
1EP52140	675	M	7.1	11.5	NA	NA	NA	29	2008
1EP52141	675	M	7.3	12	NA	NA	NA	29	2008
1EP52142	675	M	6.4	11	NA	NA	NA	29	2008
1EP52143	675	M	5.7	10.5	NA	NA	NA	29	2008
1EP52144	675	M	5.2	9.6	NA	NA	NA	29	2008
NA	675	M	3.8	8.4	NA	NA	NA	29	2008
1EP52185	V32	M	5.9	11	NA	NA	NA	27	2008
1EP52186	V32	M	7.1	12.3	NA	NA	NA	27	2008
1EP52187	V32	M	7.4	12.5	NA	NA	NA	27	2008
1EP52188	V32	M	6.7	11.8	NA	NA	NA	27	2008
1EP52189	V32	M	6.8	12.2	NA	NA	NA	27	2008
1EP52190	V32	M	7.2	12.5	NA	NA	NA	27	2008
1EP52191	V32	M	8.1	13.2	NA	NA	NA	27	2008
1EP52192	V32	M	6.7	12.3	NA	NA	NA	27	2008
1EP52193	V32	M	4.2	8.9	NA	NA	NA	27	2008
1EP52194	V32	M	5.8	11.3	NA	NA	NA	27	2008
1EP52195	V32	M	7.7	12.8	NA	NA	NA	27	2008
